Кількість одиниць автори:	 9
Кількість одиниць фольк:	 9

Абсолютна частота автори:	 200000
Абсолютна частота фольк:	 200000

Відносна частота автори:	 0.0
Відносна частота фольк:	 0.0

Середня частота автори:	 22222.22
Середня частота фольк:	 22222.22

Варіаційний ряд автори:
{19: 1, 647: 1, 13338: 1, 17548: 1, 18405: 1, 18830: 1, 23463: 1, 42147: 1, 65603: 1}

Варіаційний ряд фольк:
{10: 1, 1487: 1, 14043: 1, 15233: 1, 16943: 1, 17642: 1, 21502: 1, 49747: 1, 63393: 1}

Інтервальний ряд автори:
{(-10911.666666666666, 10949.67): 2, (10949.67, 32811.0033): 5, (32811.0033, 54672.34): 1, (54672.34, 76533.67): 1}

Інтервальний ряд фольк:
{(-10553.833333333334, 10573.83): 2, (10573.83, 31701.5): 5, (31701.5, 52829.17): 1, (52829.17, 73956.84): 1}

Приклад рядка автори:
(4, 'ADV', 17548, 72, 106, 124, 100, 105, 101, 82, 86, 91, 105, 97, 110, 88, 81, 73, 90, 100, 71, 68, 106, 90, 59, 64, 92, 97, 69, 118, 106, 92, 92, 90, 63, 58, 54, 73, 93, 80, 64, 75, 75, 85, 95, 86, 82, 79, 79, 51, 77, 70, 80, 55, 70, 73, 50, 102, 95, 82, 91, 108, 124, 123, 92, 102, 70, 90, 111, 94, 75, 106, 72, 102, 111, 89, 87, 111, 125, 113, 131, 78, 117, 125, 110, 115, 92, 97, 95, 117, 106, 115, 87, 104, 54, 68, 92, 69, 79, 86, 84, 88, 98, 130, 89, 98, 98, 84, 62, 75, 118, 134, 110, 74, 59, 73, 105, 103, 104, 94, 100, 116, 50, 74, 90, 54, 72, 78, 91, 71, 84, 83, 69, 97, 101, 90, 88, 81, 70, 80, 73, 97, 93, 80, 78, 94, 90, 84, 69, 92, 93, 85, 104, 84, 70, 63, 69, 78, 76, 89, 100, 71, 89, 71, 69, 53, 49, 67, 65, 71, 75, 93, 73, 68, 70, 67, 76, 107, 106, 90, 91, 104, 82, 76, 113, 75, 103, 75, 82, 88, 89, 101, 105, 115, 87, 103, 85, 94, 96, 86, 107, 93, 84)

Приклад рядка фольк:
(6, 'NUM', 1487, 15, 0, 2, 5, 1, 0, 6, 3, 4, 1, 8, 7, 5, 8, 6, 9, 0, 0, 2, 5, 7, 6, 0, 3, 7, 5, 4, 2, 0, 2, 4, 1, 7, 10, 6, 8, 3, 26, 10, 9, 10, 5, 0, 4, 11, 9, 13, 6, 3, 1, 2, 8, 7, 14, 8, 10, 7, 14, 18, 6, 9, 6, 12, 3, 3, 11, 7, 12, 13, 14, 10, 10, 6, 21, 13, 4, 7, 6, 9, 15, 3, 5, 4, 5, 6, 3, 6, 12, 8, 13, 19, 14, 15, 14, 8, 13, 7, 23, 19, 21, 15, 11, 4, 2, 4, 3, 0, 3, 1, 2, 8, 2, 3, 29, 13, 4, 4, 8, 5, 9, 13, 4, 6, 9, 15, 5, 8, 11, 15, 16, 9, 12, 5, 2, 3, 3, 4, 3, 0, 11, 7, 8, 2, 2, 5, 6, 8, 4, 7, 7, 3, 6, 4, 4, 8, 3, 7, 12, 13, 7, 7, 14, 9, 6, 5, 1, 5, 8, 2, 1, 6, 0, 0, 6, 5, 11, 5, 8, 9, 15, 7, 4, 5, 6, 1, 3, 12, 6, 4, 28, 12, 12, 9, 7, 20, 13, 2, 8, 12, 14)