Абсолютна частота автори:	 1603

Абсолютна частота фольк:	 1612

Варіаційний ряд автори:
{0: 1, 1: 4, 2: 9, 3: 16, 4: 10, 5: 21, 6: 20, 7: 21, 8: 17, 9: 19, 10: 10, 11: 13, 12: 11, 13: 7, 14: 7, 15: 3, 16: 4, 17: 1, 18: 2, 20: 2, 23: 1, 25: 1}

Варіаційний ряд фольк:
{0: 1, 1: 4, 2: 4, 3: 11, 4: 16, 5: 20, 6: 17, 7: 17, 8: 20, 9: 27, 10: 17, 11: 11, 12: 12, 13: 9, 14: 6, 15: 2, 16: 2, 17: 1, 19: 1, 21: 1, 24: 1}

Інтервальний ряд автори:
{(-1.7857142857142858, 1.79): 5, (1.79, 5.36): 56, (5.36, 8.93): 58, (8.93, 12.5): 53, (12.5, 16.071): 21, (16.071, 19.64): 3, (19.64, 23.21): 3, (23.21, 26.78): 1}

Інтервальний ряд фольк:
{(-1.7142857142857142, 1.71): 5, (1.71, 5.14): 51, (5.14, 8.57): 54, (8.57, 12.0): 55, (12.0, 15.43): 29, (15.43, 18.86): 3, (18.86, 22.29): 2, (22.29, 25.72): 1}

Середнє арифметичне:
автори	фольк
8.015	8.06

Середнє квадратичне відхилення:
автори	фольк
4.3	3.79

Міра коливання середньої частоти:
автори	фольк
0.3	0.27

Смуги коливання:
автори	фольк
{'68.3': (3.72, 12.32), '95.5': (-0.58, 16.62), '99.7': (-4.88, 20.92)}	{'68.3': (4.27, 11.85), '95.5': (0.48, 15.64), '99.7': (-3.31, 19.43)}

Коефіцієнт варіації - V (у відсотках):
автори	фольк
0.54	0.47

Коефіцієнт стабільности - D (у відсотках):
автори	фольк
0.96	0.97

Відносна похибка:
автори	фольк
0.073	0.066

Кількість підвибірок по 1000 слововживань для відносної похибки у 4,5%:
автори	фольк
553.0	419.07

Приклад рядка автори:
(1101, 'бути', 'AUX', 1603, 3, 10, 7, 10, 20, 8, 6, 8, 5, 6, 5, 7, 8, 3, 8, 6, 9, 9, 4, 3, 13, 11, 7, 12, 4, 11, 7, 8, 6, 6, 11, 10, 5, 13, 6, 7, 12, 7, 0, 3, 14, 9, 11, 9, 2, 7, 6, 8, 7, 6, 7, 5, 8, 2, 9, 3, 10, 13, 14, 13, 10, 14, 14, 25, 9, 11, 9, 5, 3, 9, 5, 9, 2, 9, 6, 12, 13, 23, 20, 9, 7, 5, 18, 5, 8, 8, 2, 7, 8, 3, 6, 18, 14, 11, 8, 6, 8, 6, 12, 16, 9, 16, 17, 15, 11, 3, 8, 6, 5, 5, 9, 7, 9, 12, 12, 7, 7, 9, 5, 3, 4, 3, 1, 3, 4, 5, 7, 3, 5, 4, 4, 11, 4, 7, 11, 6, 8, 14, 10, 2, 1, 6, 5, 12, 5, 6, 7, 6, 1, 4, 5, 2, 11, 3, 12, 2, 8, 5, 10, 6, 5, 7, 12, 2, 10, 3, 2, 7, 15, 13, 12, 11, 3, 7, 5, 9, 13, 9, 9, 5, 3, 6, 12, 1, 4, 4, 7, 8, 6, 11, 5, 16, 16, 8, 10, 10, 14, 9, 15, 11)
Приклад рядка фольк:
(4826, 'бути', 'AUX', 1612, 2, 8, 7, 6, 4, 6, 2, 5, 5, 9, 3, 5, 3, 1, 11, 7, 3, 9, 6, 8, 9, 11, 6, 13, 11, 19, 12, 1, 4, 10, 4, 3, 3, 8, 1, 7, 9, 9, 9, 13, 10, 7, 6, 8, 5, 15, 4, 6, 8, 9, 7, 4, 11, 8, 4, 6, 7, 1, 3, 7, 10, 10, 5, 2, 4, 4, 5, 9, 5, 0, 14, 9, 10, 7, 13, 6, 12, 13, 10, 13, 10, 6, 3, 5, 8, 9, 13, 5, 9, 6, 4, 8, 4, 7, 11, 14, 10, 4, 7, 21, 6, 9, 10, 7, 8, 8, 6, 7, 9, 11, 5, 2, 6, 3, 4, 9, 5, 10, 8, 8, 10, 5, 8, 10, 8, 13, 17, 9, 6, 5, 9, 9, 9, 7, 12, 4, 14, 4, 12, 10, 16, 8, 13, 8, 12, 14, 8, 6, 6, 12, 9, 11, 5, 14, 7, 11, 3, 7, 9, 10, 12, 9, 4, 3, 16, 12, 9, 9, 5, 5, 8, 12, 3, 9, 4, 5, 11, 8, 14, 12, 5, 10, 15, 10, 6, 7, 11, 12, 9, 9, 11, 12, 10, 5, 5, 7, 13, 24, 8, 9)
