Абсолютна частота автори:	 1685

Абсолютна частота фольк:	 2721

Варіаційний ряд автори:
{0: 8, 1: 13, 2: 18, 3: 12, 4: 14, 5: 15, 6: 9, 7: 12, 8: 11, 9: 14, 10: 9, 11: 6, 12: 8, 13: 13, 14: 4, 15: 9, 16: 4, 17: 5, 18: 3, 19: 2, 20: 3, 21: 1, 22: 2, 24: 1, 25: 1, 26: 1, 32: 2}

Варіаційний ряд фольк:
{1: 1, 2: 4, 3: 2, 4: 5, 5: 9, 6: 9, 7: 15, 8: 5, 9: 16, 10: 12, 11: 10, 12: 13, 13: 12, 14: 8, 15: 9, 16: 6, 17: 12, 18: 9, 19: 12, 20: 6, 21: 1, 22: 2, 23: 2, 24: 2, 25: 4, 26: 2, 27: 4, 28: 2, 30: 1, 32: 1, 37: 1, 41: 1, 42: 2}

Інтервальний ряд автори:
{(-2.2857142857142856, 2.29): 39, (2.29, 6.86): 50, (6.86, 11.43): 52, (11.43, 16.0014): 38, (16.0014, 20.57): 13, (20.57, 25.14): 5, (25.14, 29.71): 1, (29.71, 34.28): 2}

Інтервальний ряд фольк:
{(-1.9285714285714284, 3.93): 7, (3.93, 9.79): 59, (9.79, 15.65): 64, (15.65, 21.51): 46, (21.51, 27.37): 16, (27.37, 33.23): 4, (33.23, 39.087): 1, (39.087, 44.94): 3}

Середнє арифметичне:
автори	фольк
8.43	13.61

Середнє квадратичне відхилення:
автори	фольк
6.26	7.42

Міра коливання середньої частоти:
автори	фольк
0.44	0.52

Смуги коливання:
автори	фольк
{68.3: (2.17, 14.69), 95.5: (-4.09, 20.95), 99.7: (-10.35, 27.21)}	{68.3: (6.19, 21.03), 95.5: (-1.23, 28.45), 99.7: (-8.65, 35.87)}

Коефіцієнт варіації - V (у відсотках):
автори	фольк
0.74	0.55

Коефіцієнт стабільности - D (у відсотках):
автори	фольк
0.95	0.96

Відносна похибка:
автори	фольк
0.1	0.07489

Кількість підвибірок по 1000 слововживань для відносної похибки у 4,5%:
автори	фольк
1039	574

Приклад рядка автори:
(7525, 'ти', 'PRON', 1685, 2, 26, 15, 10, 8, 6, 20, 16, 22, 17, 3, 2, 3, 5, 5, 2, 6, 6, 3, 7, 2, 0, 1, 3, 7, 4, 7, 4, 9, 2, 2, 0, 4, 4, 2, 0, 4, 9, 6, 15, 5, 2, 4, 3, 6, 3, 8, 11, 8, 9, 5, 10, 5, 3, 8, 5, 13, 8, 3, 7, 9, 1, 4, 2, 6, 20, 7, 13, 10, 5, 15, 5, 5, 5, 9, 9, 15, 4, 1, 7, 10, 13, 7, 4, 14, 12, 9, 2, 0, 15, 7, 8, 12, 22, 7, 10, 7, 4, 2, 1, 12, 17, 9, 15, 1, 1, 1, 16, 11, 9, 10, 18, 2, 5, 1, 7, 25, 14, 5, 2, 8, 5, 16, 6, 5, 13, 2, 13, 14, 12, 10, 0, 2, 15, 19, 32, 32, 17, 12, 12, 3, 0, 4, 20, 16, 13, 9, 6, 11, 13, 19, 13, 11, 3, 9, 4, 5, 6, 15, 8, 2, 24, 11, 1, 0, 4, 1, 8, 9, 13, 1, 7, 12, 13, 13, 21, 17, 18, 10, 9, 15, 3, 17, 9, 10, 13, 18, 14, 13, 1, 11, 2, 8, 4, 8, 2, 3, 12, 1, 0)
Приклад рядка фольк:
(4363, 'ти', 'PRON', 2721, 4, 30, 12, 5, 18, 11, 11, 10, 5, 18, 10, 6, 11, 5, 17, 7, 7, 9, 8, 10, 12, 7, 9, 15, 37, 41, 42, 27, 24, 7, 12, 18, 12, 18, 17, 19, 21, 15, 42, 27, 12, 12, 26, 23, 10, 11, 19, 25, 11, 32, 14, 10, 17, 15, 11, 9, 9, 9, 2, 6, 20, 12, 9, 25, 9, 27, 3, 10, 5, 4, 13, 6, 26, 14, 6, 13, 17, 9, 4, 19, 11, 9, 28, 17, 18, 13, 6, 18, 2, 11, 14, 24, 15, 18, 22, 17, 27, 25, 15, 17, 5, 14, 10, 6, 12, 9, 7, 16, 7, 9, 12, 16, 19, 19, 7, 14, 7, 12, 7, 20, 5, 14, 7, 14, 7, 7, 5, 13, 6, 8, 10, 18, 13, 2, 22, 23, 19, 10, 2, 17, 17, 3, 5, 7, 13, 13, 20, 13, 10, 17, 20, 7, 10, 15, 8, 9, 13, 11, 14, 9, 10, 4, 19, 19, 28, 25, 16, 15, 9, 17, 19, 17, 5, 4, 12, 16, 13, 8, 13, 9, 19, 16, 15, 19, 18, 8, 6, 6, 12, 1, 13, 20, 20, 9, 19, 15, 11, 12, 16, 7)
