Абсолютна частота автори:	 23463

Абсолютна частота фольк:	 16943

Варіаційний ряд автори:
{57: 1, 61: 1, 62: 1, 65: 1, 67: 2, 71: 2, 74: 1, 75: 2, 76: 1, 77: 2, 78: 2, 79: 1, 80: 2, 82: 4, 83: 1, 84: 1, 86: 1, 88: 1, 89: 2, 90: 1, 91: 1, 92: 2, 93: 1, 94: 3, 95: 5, 96: 1, 97: 3, 98: 4, 99: 1, 100: 5, 101: 6, 102: 3, 103: 1, 104: 2, 105: 3, 106: 1, 107: 2, 108: 4, 109: 5, 110: 2, 111: 5, 112: 3, 113: 9, 114: 7, 116: 1, 117: 2, 118: 3, 119: 2, 120: 2, 121: 2, 122: 2, 123: 3, 124: 1, 125: 3, 126: 3, 127: 3, 128: 4, 129: 2, 130: 1, 132: 2, 133: 3, 134: 1, 135: 3, 136: 1, 139: 3, 140: 1, 141: 2, 142: 1, 143: 2, 144: 2, 146: 1, 147: 2, 148: 2, 149: 2, 150: 1, 152: 1, 153: 2, 154: 1, 155: 3, 158: 4, 159: 1, 161: 1, 162: 2, 164: 1, 165: 2, 167: 1, 168: 1, 173: 1, 174: 1, 178: 1, 180: 1, 181: 1, 182: 1, 184: 1, 186: 1}

Варіаційний ряд фольк:
{44: 1, 45: 1, 49: 1, 52: 1, 53: 1, 54: 1, 58: 1, 59: 1, 60: 2, 61: 1, 63: 1, 64: 4, 65: 2, 66: 3, 67: 1, 68: 2, 69: 3, 70: 1, 71: 3, 72: 2, 73: 2, 74: 3, 75: 3, 76: 7, 77: 4, 78: 9, 79: 7, 80: 8, 81: 11, 82: 6, 83: 5, 84: 4, 85: 3, 86: 3, 87: 3, 88: 6, 89: 7, 90: 4, 91: 8, 92: 8, 93: 3, 94: 7, 95: 2, 96: 5, 97: 4, 98: 5, 99: 3, 100: 6, 102: 2, 103: 4, 104: 3, 105: 2, 107: 1, 108: 2, 109: 3, 113: 2, 121: 1, 136: 1}

Інтервальний ряд автори:
{(47.785714285714285, 66.21): 4, (66.21, 84.64): 21, (84.64, 103.069): 41, (103.069, 121.5): 55, (121.5, 139.93): 35, (139.93, 158.36): 27, (158.36, 176.79): 11, (176.79, 195.22): 6}

Інтервальний ряд фольк:
{(37.42857142857143, 50.57): 3, (50.57, 63.71): 9, (63.71, 76.85): 36, (76.85, 89.99): 76, (89.99, 103.13): 61, (103.13, 116.27): 13, (116.27, 129.41): 1, (129.41, 142.55): 1}

Середнє арифметичне:
автори	фольк
117.32	84.72

Середнє квадратичне відхилення:
автори	фольк
27.67	13.98

Міра коливання середньої частоти:
автори	фольк
1.96	0.99

Смуги коливання:
автори	фольк
{68.3: (89.65, 144.99), 95.5: (61.98, 172.66), 99.7: (34.31, 200.33)}	{68.3: (70.74, 98.7), 95.5: (56.76, 112.68), 99.7: (42.78, 126.66)}

Коефіцієнт варіації - V (у відсотках):
автори	фольк
0.24	0.17

Коефіцієнт стабільности - D (у відсотках):
автори	фольк
0.98	0.99

Відносна похибка:
автори	фольк
0.032745	0.0229

Кількість підвибірок по 1000 слововживань для відносної похибки у 4,5%:
автори	фольк
109	55

Приклад рядка автори:
(1, 'ADJ', 23463, 97, 111, 107, 101, 128, 99, 95, 114, 114, 120, 96, 136, 98, 100, 158, 113, 117, 127, 129, 118, 152, 186, 153, 149, 112, 158, 129, 109, 121, 119, 134, 164, 125, 178, 140, 127, 153, 158, 100, 122, 139, 144, 168, 82, 98, 123, 130, 113, 101, 109, 103, 95, 111, 111, 90, 114, 114, 114, 124, 98, 113, 167, 120, 128, 91, 104, 104, 102, 89, 154, 100, 135, 165, 141, 126, 109, 114, 126, 180, 113, 101, 108, 113, 106, 92, 116, 113, 121, 108, 100, 102, 93, 155, 150, 158, 184, 182, 181, 162, 147, 132, 148, 132, 135, 174, 165, 173, 142, 100, 118, 108, 133, 139, 98, 110, 109, 88, 95, 111, 141, 111, 113, 147, 94, 101, 77, 94, 78, 139, 110, 84, 105, 113, 112, 113, 114, 101, 122, 128, 109, 112, 119, 89, 61, 108, 97, 67, 82, 80, 62, 78, 77, 71, 75, 75, 95, 105, 82, 95, 144, 102, 123, 162, 133, 155, 133, 127, 125, 94, 118, 123, 92, 149, 97, 79, 71, 80, 82, 101, 57, 86, 126, 105, 76, 107, 65, 74, 83, 67, 125, 143, 161, 148, 146, 117, 135, 143, 155, 128, 159)
Приклад рядка фольк:
(8, 'PREP', 16943, 109, 78, 91, 72, 76, 79, 91, 109, 71, 65, 85, 100, 80, 69, 82, 93, 53, 69, 100, 98, 81, 94, 97, 72, 67, 61, 68, 66, 84, 74, 77, 79, 81, 76, 94, 84, 64, 100, 83, 80, 75, 79, 78, 79, 88, 84, 89, 92, 91, 95, 95, 81, 92, 87, 78, 92, 64, 91, 80, 98, 87, 70, 99, 92, 74, 82, 91, 97, 91, 136, 103, 89, 66, 81, 103, 102, 88, 87, 77, 90, 59, 109, 73, 60, 60, 65, 100, 79, 80, 94, 98, 78, 83, 104, 89, 92, 82, 76, 52, 81, 81, 121, 102, 103, 90, 88, 104, 79, 81, 45, 64, 83, 68, 85, 76, 89, 83, 103, 92, 93, 100, 92, 91, 107, 94, 86, 108, 80, 113, 88, 86, 97, 93, 100, 77, 66, 98, 91, 89, 83, 104, 89, 80, 94, 113, 74, 71, 81, 94, 78, 96, 78, 85, 92, 76, 96, 94, 64, 82, 96, 81, 98, 90, 76, 49, 54, 44, 79, 82, 75, 77, 99, 105, 96, 80, 86, 78, 76, 75, 88, 82, 78, 108, 78, 73, 105, 99, 81, 90, 81, 89, 88, 71, 69, 84, 96, 97, 58, 63, 80)
