Абсолютна частота автори:	 17548

Абсолютна частота фольк:	 1487

Варіаційний ряд автори:
{49: 1, 50: 2, 51: 1, 53: 1, 54: 3, 55: 1, 58: 1, 59: 2, 62: 1, 63: 2, 64: 2, 65: 1, 67: 2, 68: 3, 69: 6, 70: 6, 71: 5, 72: 3, 73: 6, 74: 2, 75: 7, 76: 3, 77: 1, 78: 4, 79: 3, 80: 4, 81: 2, 82: 5, 83: 1, 84: 6, 85: 3, 86: 4, 87: 3, 88: 4, 89: 5, 90: 8, 91: 4, 92: 7, 93: 5, 94: 4, 95: 3, 96: 1, 97: 5, 98: 3, 100: 4, 101: 3, 102: 3, 103: 3, 104: 4, 105: 4, 106: 6, 107: 2, 108: 1, 110: 3, 111: 3, 113: 2, 115: 3, 116: 1, 117: 2, 118: 2, 123: 1, 124: 2, 125: 2, 130: 1, 131: 1, 134: 1}

Варіаційний ряд фольк:
{0: 11, 1: 8, 2: 13, 3: 17, 4: 17, 5: 16, 6: 19, 7: 17, 8: 16, 9: 11, 10: 6, 11: 6, 12: 9, 13: 9, 14: 7, 15: 7, 16: 1, 18: 1, 19: 2, 20: 1, 21: 2, 23: 1, 26: 1, 28: 1, 29: 1}

Інтервальний ряд автори:
{(42.92857142857143, 55.071): 9, (55.071, 67.21): 11, (67.21, 79.35): 49, (79.35, 91.49): 49, (91.49, 103.63): 41, (103.63, 115.77): 28, (115.77, 127.91): 10, (127.91, 140.053): 3}

Інтервальний ряд фольк:
{(-2.0714285714285716, 2.071): 32, (2.071, 6.21): 69, (6.21, 10.35): 50, (10.35, 14.49): 31, (14.49, 18.63): 9, (18.63, 22.77): 5, (22.77, 26.91): 2, (26.91, 31.053): 2}

Середнє арифметичне:
автори	фольк
87.74	7.44

Середнє квадратичне відхилення:
автори	фольк
17.74	5.37

Міра коливання середньої частоти:
автори	фольк
1.25	0.38

Смуги коливання:
автори	фольк
{68.3: (70.0, 105.48), 95.5: (52.26, 123.22), 99.7: (34.52, 140.96)}	{68.3: (2.0700000000000003, 12.81), 95.5: (-3.3, 18.18), 99.7: (-8.67, 23.55)}

Коефіцієнт варіації - V (у відсотках):
автори	фольк
0.2	0.72

Коефіцієнт стабільности - D (у відсотках):
автори	фольк
0.99	0.95

Відносна похибка:
автори	фольк
0.02792	0.1

Кількість підвибірок по 1000 слововживань для відносної похибки у 4,5%:
автори	фольк
76	983

Приклад рядка автори:
(4, 'ADV', 17548, 72, 106, 124, 100, 105, 101, 82, 86, 91, 105, 97, 110, 88, 81, 73, 90, 100, 71, 68, 106, 90, 59, 64, 92, 97, 69, 118, 106, 92, 92, 90, 63, 58, 54, 73, 93, 80, 64, 75, 75, 85, 95, 86, 82, 79, 79, 51, 77, 70, 80, 55, 70, 73, 50, 102, 95, 82, 91, 108, 124, 123, 92, 102, 70, 90, 111, 94, 75, 106, 72, 102, 111, 89, 87, 111, 125, 113, 131, 78, 117, 125, 110, 115, 92, 97, 95, 117, 106, 115, 87, 104, 54, 68, 92, 69, 79, 86, 84, 88, 98, 130, 89, 98, 98, 84, 62, 75, 118, 134, 110, 74, 59, 73, 105, 103, 104, 94, 100, 116, 50, 74, 90, 54, 72, 78, 91, 71, 84, 83, 69, 97, 101, 90, 88, 81, 70, 80, 73, 97, 93, 80, 78, 94, 90, 84, 69, 92, 93, 85, 104, 84, 70, 63, 69, 78, 76, 89, 100, 71, 89, 71, 69, 53, 49, 67, 65, 71, 75, 93, 73, 68, 70, 67, 76, 107, 106, 90, 91, 104, 82, 76, 113, 75, 103, 75, 82, 88, 89, 101, 105, 115, 87, 103, 85, 94, 96, 86, 107, 93, 84)
Приклад рядка фольк:
(6, 'NUM', 1487, 15, 0, 2, 5, 1, 0, 6, 3, 4, 1, 8, 7, 5, 8, 6, 9, 0, 0, 2, 5, 7, 6, 0, 3, 7, 5, 4, 2, 0, 2, 4, 1, 7, 10, 6, 8, 3, 26, 10, 9, 10, 5, 0, 4, 11, 9, 13, 6, 3, 1, 2, 8, 7, 14, 8, 10, 7, 14, 18, 6, 9, 6, 12, 3, 3, 11, 7, 12, 13, 14, 10, 10, 6, 21, 13, 4, 7, 6, 9, 15, 3, 5, 4, 5, 6, 3, 6, 12, 8, 13, 19, 14, 15, 14, 8, 13, 7, 23, 19, 21, 15, 11, 4, 2, 4, 3, 0, 3, 1, 2, 8, 2, 3, 29, 13, 4, 4, 8, 5, 9, 13, 4, 6, 9, 15, 5, 8, 11, 15, 16, 9, 12, 5, 2, 3, 3, 4, 3, 0, 11, 7, 8, 2, 2, 5, 6, 8, 4, 7, 7, 3, 6, 4, 4, 8, 3, 7, 12, 13, 7, 7, 14, 9, 6, 5, 1, 5, 8, 2, 1, 6, 0, 0, 6, 5, 11, 5, 8, 9, 15, 7, 4, 5, 6, 1, 3, 12, 6, 4, 28, 12, 12, 9, 7, 20, 13, 2, 8, 12, 14)
