Абсолютна частота автори:	 18830

Абсолютна частота фольк:	 49747

Варіаційний ряд автори:
{63: 2, 66: 1, 68: 3, 69: 3, 71: 1, 72: 2, 73: 3, 74: 1, 75: 2, 76: 2, 77: 1, 78: 3, 79: 3, 80: 8, 81: 3, 82: 6, 83: 7, 84: 5, 85: 7, 86: 6, 87: 6, 88: 2, 89: 7, 90: 3, 91: 4, 92: 3, 93: 5, 94: 6, 95: 6, 96: 9, 97: 7, 99: 5, 100: 10, 101: 2, 102: 4, 103: 2, 104: 4, 105: 3, 106: 3, 107: 3, 108: 3, 109: 6, 110: 3, 112: 5, 113: 1, 114: 3, 116: 1, 118: 3, 119: 1, 120: 2, 121: 1, 122: 1, 123: 1, 126: 1, 131: 1, 133: 1, 135: 1, 137: 1, 148: 1}

Варіаційний ряд фольк:
{181: 1, 198: 1, 203: 2, 204: 1, 209: 1, 210: 2, 213: 1, 214: 1, 217: 1, 218: 3, 220: 1, 221: 2, 222: 1, 223: 4, 224: 4, 226: 5, 227: 1, 228: 1, 229: 2, 231: 2, 232: 3, 233: 2, 234: 3, 235: 6, 236: 3, 237: 6, 238: 3, 239: 5, 240: 6, 241: 2, 242: 4, 244: 4, 245: 2, 246: 3, 247: 1, 248: 4, 249: 5, 250: 2, 251: 7, 252: 6, 253: 7, 254: 4, 255: 4, 256: 2, 257: 1, 258: 3, 259: 2, 260: 4, 261: 4, 262: 5, 263: 6, 264: 5, 265: 3, 266: 3, 267: 2, 268: 4, 269: 1, 270: 3, 271: 1, 272: 1, 274: 2, 277: 1, 278: 2, 280: 3, 281: 2, 282: 1, 283: 3, 290: 1, 291: 1, 295: 1, 296: 1, 301: 1, 308: 1, 318: 1}

Інтервальний ряд автори:
{(56.92857142857143, 69.071): 9, (69.071, 81.21): 29, (81.21, 93.35): 61, (93.35, 105.49): 58, (105.49, 117.63): 28, (117.63, 129.77): 10, (129.77, 141.91): 4, (141.91, 154.053): 1}

Інтервальний ряд фольк:
{(171.21428571428572, 190.79): 1, (190.79, 210.36): 7, (210.36, 229.93): 27, (229.93, 249.5): 64, (249.5, 269.071): 75, (269.071, 288.64): 19, (288.64, 308.21): 6, (308.21, 327.78): 1}

Середнє арифметичне:
автори	фольк
94.15	248.74

Середнє квадратичне відхилення:
автори	фольк
14.9	20.97

Міра коливання середньої частоти:
автори	фольк
1.0536	1.48

Смуги коливання:
автори	фольк
{68.3: (79.25, 109.05000000000001), 95.5: (64.35, 123.95), 99.7: (49.45, 138.85)}	{68.3: (227.77, 269.71), 95.5: (206.8, 290.68), 99.7: (185.83, 311.65)}

Коефіцієнт варіації - V (у відсотках):
автори	фольк
0.16	0.0843

Коефіцієнт стабільности - D (у відсотках):
автори	фольк
0.99	0.99

Відносна похибка:
автори	фольк
0.0219	0.0117

Кількість підвибірок по 1000 слововживань для відносної похибки у 4,5%:
автори	фольк
49	13

Приклад рядка автори:
(6, 'CONJ', 18830, 93, 79, 82, 96, 102, 104, 83, 94, 76, 100, 94, 82, 96, 102, 89, 103, 112, 94, 97, 89, 89, 112, 118, 85, 108, 93, 79, 86, 80, 92, 100, 91, 110, 100, 107, 109, 105, 93, 88, 95, 100, 72, 84, 87, 83, 75, 80, 80, 87, 69, 80, 68, 74, 73, 63, 109, 86, 85, 83, 83, 69, 72, 96, 80, 109, 78, 84, 63, 95, 108, 97, 99, 80, 81, 91, 97, 71, 80, 76, 78, 85, 94, 79, 93, 120, 85, 86, 99, 89, 83, 85, 73, 68, 82, 96, 90, 89, 93, 69, 91, 88, 78, 81, 77, 92, 118, 105, 94, 90, 104, 73, 75, 80, 86, 85, 81, 82, 84, 66, 92, 106, 95, 95, 107, 137, 121, 108, 119, 100, 105, 110, 133, 131, 126, 96, 85, 90, 68, 84, 114, 97, 103, 83, 82, 86, 86, 95, 114, 97, 99, 84, 104, 122, 116, 106, 96, 148, 135, 109, 96, 100, 101, 112, 120, 118, 112, 112, 87, 109, 87, 104, 123, 114, 97, 96, 102, 99, 100, 95, 113, 110, 109, 101, 87, 96, 87, 91, 89, 102, 106, 107, 83, 82, 100, 99, 89, 100, 94, 97, 100)
Приклад рядка фольк:
(1, 'VERB', 49747, 254, 237, 247, 220, 237, 231, 260, 232, 260, 264, 239, 229, 254, 249, 265, 238, 278, 240, 240, 242, 264, 246, 249, 290, 301, 274, 272, 251, 231, 263, 255, 277, 241, 291, 251, 270, 259, 240, 255, 252, 252, 237, 244, 236, 235, 234, 235, 254, 262, 232, 239, 242, 248, 248, 242, 203, 256, 258, 236, 217, 240, 253, 222, 203, 239, 221, 224, 218, 210, 181, 249, 266, 252, 251, 223, 233, 209, 223, 258, 281, 318, 249, 252, 282, 308, 268, 253, 241, 260, 246, 223, 221, 229, 226, 234, 248, 263, 234, 252, 223, 253, 224, 232, 263, 242, 228, 244, 226, 263, 295, 261, 235, 238, 239, 244, 238, 263, 233, 236, 237, 253, 218, 265, 248, 204, 253, 239, 280, 262, 250, 240, 251, 224, 262, 260, 265, 235, 237, 245, 264, 262, 198, 210, 257, 261, 245, 278, 267, 280, 268, 264, 244, 235, 264, 283, 259, 253, 281, 269, 251, 280, 271, 218, 263, 270, 283, 268, 251, 251, 255, 266, 252, 268, 267, 283, 246, 237, 261, 266, 226, 250, 270, 240, 274, 261, 227, 256, 254, 255, 214, 226, 224, 213, 262, 249, 235, 226, 296, 258, 253)
