Абсолютна частота автори:	 65603

Абсолютна частота фольк:	 17642

Варіаційний ряд автори:
{269: 1, 278: 1, 280: 1, 281: 1, 282: 1, 284: 1, 287: 1, 289: 1, 291: 1, 292: 2, 293: 1, 294: 1, 295: 1, 297: 3, 299: 1, 300: 2, 301: 1, 302: 2, 303: 2, 304: 1, 305: 3, 306: 2, 309: 3, 310: 3, 311: 6, 312: 2, 313: 2, 314: 1, 315: 4, 316: 5, 317: 7, 318: 2, 319: 2, 320: 5, 321: 3, 322: 5, 323: 3, 324: 3, 325: 1, 326: 3, 327: 3, 328: 10, 329: 4, 330: 4, 331: 3, 332: 5, 333: 6, 334: 2, 335: 5, 336: 2, 337: 2, 338: 3, 339: 3, 340: 8, 341: 3, 342: 1, 344: 1, 345: 4, 346: 2, 347: 7, 348: 2, 349: 3, 350: 1, 351: 2, 353: 1, 354: 1, 355: 2, 356: 2, 357: 1, 358: 3, 360: 1, 361: 3, 365: 1, 370: 2, 378: 1, 379: 1, 386: 1, 387: 1, 396: 1, 400: 1}

Варіаційний ряд фольк:
{44: 1, 49: 1, 51: 2, 52: 1, 57: 2, 60: 1, 61: 3, 62: 3, 63: 5, 64: 3, 65: 4, 66: 5, 67: 1, 68: 3, 69: 1, 70: 4, 72: 4, 73: 2, 74: 3, 75: 4, 76: 2, 77: 7, 78: 4, 79: 4, 80: 3, 81: 3, 83: 5, 84: 9, 85: 3, 86: 2, 87: 3, 88: 8, 89: 4, 90: 4, 91: 4, 92: 1, 93: 3, 94: 4, 95: 5, 96: 4, 97: 2, 98: 1, 99: 2, 100: 2, 101: 3, 102: 4, 103: 5, 104: 7, 105: 1, 106: 4, 107: 5, 108: 2, 109: 1, 110: 2, 111: 1, 112: 2, 113: 2, 114: 1, 115: 2, 116: 1, 117: 1, 118: 2, 119: 1, 120: 2, 121: 2, 124: 1, 125: 1, 126: 1, 129: 2, 132: 1, 135: 1}

Інтервальний ряд автори:
{(259.64285714285717, 278.36): 2, (278.36, 297.074): 15, (297.074, 315.79): 35, (315.79, 334.5): 76, (334.5, 353.21): 50, (353.21, 371.92): 16, (371.92, 390.63): 4, (390.63, 409.34): 2}

Інтервальний ряд фольк:
{(37.5, 50.5): 2, (50.5, 63.5): 17, (63.5, 76.5): 36, (76.5, 89.5): 55, (89.5, 102.5): 39, (102.5, 115.5): 35, (115.5, 128.5): 12, (128.5, 141.5): 4}

Середнє арифметичне:
автори	фольк
328.015	88.21

Середнє квадратичне відхилення:
автори	фольк
21.88	18.58

Міра коливання середньої частоти:
автори	фольк
1.55	1.31

Смуги коливання:
автори	фольк
{68.3: (306.14, 349.9), 95.5: (284.26, 371.78), 99.7: (262.38, 393.66)}	{68.3: (69.63, 106.79), 95.5: (51.05, 125.37), 99.7: (32.47, 143.95)}

Коефіцієнт варіації - V (у відсотках):
автори	фольк
0.0667	0.21

Коефіцієнт стабільности - D (у відсотках):
автори	фольк
1.0	0.99

Відносна похибка:
автори	фольк
0.0093	0.029108

Кількість підвибірок по 1000 слововживань для відносної похибки у 4,5%:
автори	фольк
8	84

Приклад рядка автори:
(0, 'NOUN', 65603, 396, 334, 316, 340, 323, 328, 340, 305, 355, 293, 317, 316, 318, 326, 339, 329, 303, 340, 356, 322, 336, 320, 284, 317, 311, 319, 312, 329, 333, 332, 306, 338, 322, 355, 321, 304, 291, 323, 348, 338, 328, 335, 329, 339, 346, 340, 365, 331, 338, 330, 351, 386, 370, 370, 361, 280, 360, 328, 322, 332, 333, 341, 321, 349, 316, 331, 342, 387, 300, 311, 320, 297, 309, 340, 301, 306, 320, 317, 327, 357, 328, 340, 341, 347, 322, 327, 315, 299, 297, 318, 317, 400, 350, 317, 347, 326, 326, 344, 335, 340, 300, 358, 322, 325, 321, 317, 324, 281, 269, 282, 330, 353, 332, 317, 294, 311, 311, 333, 312, 345, 328, 309, 328, 328, 315, 303, 332, 313, 335, 295, 287, 292, 305, 310, 349, 358, 347, 378, 331, 320, 341, 324, 328, 379, 334, 361, 347, 335, 345, 313, 337, 309, 310, 319, 323, 329, 297, 289, 315, 330, 327, 358, 348, 361, 339, 330, 347, 333, 316, 354, 346, 328, 345, 349, 345, 302, 311, 340, 302, 333, 324, 278, 351, 347, 315, 335, 347, 320, 311, 310, 292, 333, 305, 328, 332, 337, 356, 316, 336, 314)
Приклад рядка фольк:
(4, 'ADJ', 17642, 93, 69, 67, 104, 62, 88, 64, 102, 86, 63, 61, 63, 77, 79, 94, 115, 44, 68, 110, 68, 97, 104, 101, 66, 52, 79, 57, 89, 66, 109, 97, 88, 72, 64, 83, 63, 57, 85, 92, 99, 63, 84, 75, 66, 77, 125, 95, 78, 88, 84, 106, 107, 79, 91, 104, 113, 87, 83, 85, 95, 70, 64, 95, 91, 106, 132, 90, 84, 100, 121, 90, 90, 78, 87, 107, 115, 61, 89, 60, 99, 103, 84, 105, 96, 65, 89, 107, 103, 107, 84, 95, 118, 95, 111, 104, 106, 110, 81, 51, 80, 72, 96, 86, 118, 103, 129, 94, 77, 70, 49, 88, 88, 66, 80, 76, 62, 73, 107, 102, 77, 103, 100, 83, 93, 124, 88, 81, 101, 88, 88, 84, 89, 108, 70, 76, 112, 80, 121, 113, 84, 74, 135, 129, 73, 85, 75, 74, 79, 70, 74, 84, 87, 96, 65, 83, 94, 102, 98, 68, 91, 116, 63, 117, 75, 62, 72, 75, 84, 104, 77, 61, 101, 106, 78, 65, 103, 102, 81, 104, 120, 78, 65, 93, 83, 96, 104, 77, 119, 91, 108, 112, 126, 120, 90, 51, 72, 114, 66, 94, 77)
