Абсолютна частота автори:	 647

Абсолютна частота фольк:	 21502

Варіаційний ряд автори:
{0: 32, 1: 42, 2: 24, 3: 31, 4: 23, 5: 11, 6: 14, 7: 3, 8: 7, 9: 5, 10: 2, 11: 2, 13: 1, 14: 1, 17: 1, 25: 1}

Варіаційний ряд фольк:
{73: 1, 76: 1, 80: 2, 82: 2, 83: 1, 84: 1, 85: 1, 86: 4, 87: 1, 88: 3, 89: 1, 90: 1, 91: 6, 92: 4, 93: 1, 94: 5, 95: 2, 96: 8, 97: 1, 98: 4, 99: 5, 100: 2, 101: 6, 102: 9, 103: 6, 104: 14, 105: 2, 106: 2, 107: 5, 108: 8, 109: 3, 110: 4, 111: 4, 112: 4, 113: 6, 114: 4, 115: 7, 116: 9, 117: 5, 118: 2, 119: 4, 120: 1, 121: 10, 122: 1, 123: 3, 124: 4, 125: 3, 126: 1, 127: 3, 128: 2, 129: 3, 132: 2, 133: 2, 134: 1, 136: 1, 137: 1, 147: 1}

Інтервальний ряд автори:
{(-1.7857142857142858, 1.79): 74, (1.79, 5.36): 89, (5.36, 8.93): 24, (8.93, 12.5): 9, (12.5, 16.071): 2, (16.071, 19.64): 1, (19.64, 23.21): 0, (23.21, 26.78): 1}

Інтервальний ряд фольк:
{(67.71428571428571, 78.29): 2, (78.29, 88.86): 15, (88.86, 99.43): 38, (99.43, 110.0014): 61, (110.0014, 120.57): 46, (120.57, 131.14): 30, (131.14, 141.71): 7, (141.71, 152.28): 1}

Середнє арифметичне:
автори	фольк
3.24	107.51

Середнє квадратичне відхилення:
автори	фольк
3.31	13.31

Міра коливання середньої частоти:
автори	фольк
0.23	0.94

Смуги коливання:
автори	фольк
{68.3: (-0.07, 6.55), 95.5: (-3.38, 9.86), 99.7: (-6.69, 13.17)}	{68.3: (94.2, 120.82), 95.5: (80.89, 134.13), 99.7: (67.58, 147.44)}

Коефіцієнт варіації - V (у відсотках):
автори	фольк
1.0216	0.12

Коефіцієнт стабільности - D (у відсотках):
автори	фольк
0.93	0.99

Відносна похибка:
автори	фольк
0.14	0.017137

Кількість підвибірок по 1000 слововживань для відносної похибки у 4,5%:
автори	фольк
1980	27

Приклад рядка автори:
(5, 'NUM', 647, 1, 3, 0, 6, 0, 1, 0, 1, 2, 2, 0, 4, 3, 2, 1, 1, 1, 1, 3, 7, 17, 2, 1, 3, 3, 3, 0, 4, 0, 1, 0, 5, 4, 7, 5, 1, 2, 1, 9, 3, 2, 3, 2, 1, 4, 1, 3, 10, 3, 5, 6, 0, 9, 14, 5, 4, 0, 0, 6, 2, 5, 4, 9, 4, 3, 4, 3, 6, 1, 0, 4, 1, 0, 1, 2, 4, 0, 1, 1, 6, 6, 4, 1, 2, 1, 4, 6, 0, 5, 2, 11, 25, 8, 3, 5, 4, 8, 4, 7, 2, 0, 4, 0, 1, 0, 0, 2, 3, 2, 4, 5, 8, 6, 8, 3, 6, 0, 1, 3, 13, 9, 2, 2, 0, 5, 2, 0, 0, 1, 1, 3, 3, 3, 1, 0, 1, 5, 2, 3, 0, 4, 5, 11, 0, 4, 4, 0, 3, 1, 1, 4, 4, 1, 1, 1, 3, 1, 2, 3, 8, 6, 1, 3, 1, 0, 1, 1, 4, 0, 3, 1, 3, 6, 6, 2, 2, 8, 8, 10, 6, 2, 3, 0, 4, 3, 9, 0, 1, 2, 3, 1, 0, 2, 3, 1, 3, 6, 0, 1, 1)
Приклад рядка фольк:
(2, 'CONJ', 21502, 101, 95, 127, 102, 96, 102, 121, 103, 134, 104, 121, 108, 93, 106, 101, 104, 124, 98, 112, 107, 92, 94, 104, 103, 87, 99, 86, 102, 89, 104, 91, 80, 104, 107, 103, 96, 102, 121, 94, 88, 116, 124, 115, 120, 94, 116, 83, 108, 104, 115, 114, 113, 95, 96, 113, 103, 137, 86, 117, 125, 133, 147, 129, 105, 103, 97, 109, 125, 117, 118, 102, 116, 102, 99, 115, 111, 129, 113, 121, 80, 88, 94, 82, 98, 96, 111, 119, 115, 99, 92, 94, 96, 105, 91, 104, 123, 102, 96, 104, 119, 106, 116, 128, 91, 108, 112, 99, 123, 108, 128, 117, 110, 99, 90, 113, 107, 103, 104, 108, 86, 132, 112, 124, 113, 116, 73, 121, 102, 113, 116, 122, 110, 114, 136, 98, 110, 104, 108, 119, 84, 91, 110, 109, 121, 86, 102, 100, 114, 96, 109, 85, 121, 111, 117, 121, 107, 82, 91, 115, 115, 101, 114, 117, 104, 126, 104, 108, 127, 92, 101, 91, 76, 92, 124, 116, 107, 101, 125, 116, 101, 129, 112, 96, 88, 121, 100, 104, 104, 108, 121, 118, 123, 119, 132, 116, 111, 98, 127, 115, 133)
