Абсолютна частота автори:	 18405

Абсолютна частота фольк:	 63393

Варіаційний ряд автори:
{58: 2, 63: 1, 69: 2, 70: 1, 71: 2, 72: 2, 73: 1, 74: 1, 75: 2, 76: 7, 77: 4, 78: 1, 79: 3, 80: 7, 81: 4, 82: 1, 83: 2, 84: 5, 85: 10, 86: 4, 87: 9, 88: 9, 89: 3, 90: 2, 91: 7, 92: 9, 93: 10, 94: 6, 95: 8, 96: 6, 97: 6, 98: 6, 99: 4, 100: 6, 101: 9, 102: 4, 103: 3, 104: 2, 105: 5, 106: 2, 107: 2, 108: 2, 109: 1, 110: 3, 111: 4, 113: 3, 114: 3, 115: 1, 116: 1, 117: 1, 138: 1}

Варіаційний ряд фольк:
{244: 1, 261: 1, 267: 1, 269: 1, 273: 2, 277: 1, 279: 1, 280: 3, 282: 1, 284: 2, 285: 2, 286: 2, 287: 1, 288: 2, 290: 3, 291: 2, 292: 2, 293: 2, 294: 2, 295: 1, 296: 4, 297: 1, 298: 2, 301: 5, 302: 3, 303: 1, 304: 6, 305: 7, 306: 1, 307: 4, 308: 2, 309: 5, 310: 4, 311: 1, 312: 5, 313: 5, 314: 3, 315: 1, 316: 5, 317: 3, 318: 5, 319: 5, 320: 4, 321: 3, 322: 6, 323: 2, 324: 3, 325: 2, 326: 2, 327: 2, 328: 3, 329: 2, 330: 6, 331: 2, 332: 1, 333: 4, 334: 5, 335: 2, 336: 1, 338: 8, 339: 1, 340: 3, 341: 2, 342: 4, 343: 2, 344: 2, 345: 1, 346: 1, 348: 2, 350: 1, 352: 1, 353: 1, 354: 1, 356: 1, 358: 1, 359: 1, 361: 1, 362: 1, 370: 1, 375: 1, 379: 1, 380: 1}

Інтервальний ряд автори:
{(52.285714285714285, 63.71): 3, (63.71, 75.14): 11, (75.14, 86.57): 48, (86.57, 98.0): 75, (98.0, 109.43): 46, (109.43, 120.86): 16, (120.86, 132.29): 0, (132.29, 143.72): 1}

Інтервальний ряд фольк:
{(234.28571428571428, 253.71): 1, (253.71, 273.14): 5, (273.14, 292.57): 22, (292.57, 312.0): 51, (312.0, 331.43): 69, (331.43, 350.86): 40, (350.86, 370.29): 9, (370.29, 389.72): 3}

Середнє арифметичне:
автори	фольк
92.025	316.97

Середнє квадратичне відхилення:
автори	фольк
11.96	22.42

Міра коливання середньої частоти:
автори	фольк
0.85	1.59

Смуги коливання:
автори	фольк
{68.3: (80.065, 103.99), 95.5: (68.11, 115.95), 99.7: (56.15, 127.91)}	{68.3: (294.55, 339.39), 95.5: (272.13, 361.81), 99.7: (249.71, 384.23)}

Коефіцієнт варіації - V (у відсотках):
автори	фольк
0.13	0.0707

Коефіцієнт стабільности - D (у відсотках):
автори	фольк
0.99	0.99

Відносна похибка:
автори	фольк
0.0181	0.00983

Кількість підвибірок по 1000 слововживань для відносної похибки у 4,5%:
автори	фольк
32	9

Приклад рядка автори:
(2, 'PREP', 18405, 99, 93, 99, 91, 85, 100, 58, 58, 71, 77, 101, 85, 96, 81, 87, 114, 93, 95, 102, 88, 83, 79, 94, 100, 81, 106, 76, 73, 113, 103, 91, 92, 93, 105, 92, 85, 86, 94, 89, 76, 100, 94, 101, 105, 102, 96, 101, 88, 88, 105, 110, 97, 96, 88, 111, 80, 96, 92, 106, 76, 108, 110, 95, 111, 87, 74, 93, 101, 100, 70, 76, 88, 87, 91, 87, 81, 93, 97, 101, 84, 93, 79, 98, 100, 77, 97, 85, 85, 72, 84, 95, 95, 107, 77, 83, 93, 85, 94, 87, 71, 92, 90, 99, 95, 96, 89, 94, 80, 75, 97, 107, 108, 138, 111, 110, 92, 102, 75, 76, 114, 84, 85, 91, 93, 96, 91, 104, 80, 92, 76, 97, 63, 84, 80, 91, 76, 85, 103, 84, 92, 109, 113, 94, 80, 69, 82, 80, 92, 98, 102, 98, 114, 101, 111, 103, 117, 85, 99, 86, 87, 88, 72, 115, 95, 97, 98, 88, 105, 87, 79, 89, 98, 93, 88, 87, 77, 78, 93, 113, 81, 104, 87, 85, 116, 95, 92, 100, 69, 86, 90, 86, 105, 88, 95, 80, 98, 101, 101, 91, 101)
Приклад рядка фольк:
(0, 'NOUN', 63393, 342, 333, 304, 333, 320, 324, 312, 339, 307, 305, 334, 314, 285, 280, 312, 319, 304, 321, 329, 338, 323, 321, 338, 290, 338, 313, 344, 330, 379, 285, 307, 291, 342, 291, 322, 324, 380, 322, 361, 322, 280, 287, 292, 318, 327, 309, 350, 334, 338, 320, 304, 328, 307, 305, 310, 341, 284, 280, 290, 313, 325, 330, 318, 348, 312, 318, 314, 277, 288, 341, 342, 297, 338, 301, 315, 309, 346, 344, 340, 319, 298, 362, 343, 304, 314, 312, 282, 294, 305, 316, 329, 338, 335, 340, 309, 311, 330, 358, 316, 328, 336, 304, 313, 309, 322, 317, 324, 298, 308, 293, 301, 296, 305, 334, 307, 330, 325, 319, 321, 370, 286, 296, 305, 290, 279, 296, 302, 306, 310, 322, 328, 302, 331, 326, 322, 301, 303, 308, 305, 319, 331, 301, 318, 330, 359, 335, 330, 334, 343, 342, 338, 296, 327, 312, 288, 326, 338, 302, 313, 317, 293, 309, 352, 323, 267, 261, 244, 292, 310, 317, 320, 375, 334, 319, 353, 333, 301, 316, 273, 294, 316, 313, 320, 318, 333, 354, 332, 304, 295, 273, 269, 284, 286, 340, 348, 345, 356, 316, 305, 310)
