Абсолютна частота автори:	 42147

Абсолютна частота фольк:	 10

Варіаційний ряд автори:
{156: 1, 157: 1, 161: 2, 165: 2, 167: 1, 168: 1, 169: 1, 172: 1, 173: 2, 176: 2, 177: 1, 178: 1, 179: 1, 180: 2, 181: 2, 182: 2, 183: 1, 184: 2, 185: 2, 186: 2, 187: 2, 188: 2, 189: 2, 190: 4, 191: 5, 192: 3, 193: 2, 194: 1, 196: 2, 197: 4, 198: 4, 199: 6, 200: 2, 201: 1, 202: 1, 203: 3, 204: 4, 205: 1, 206: 4, 207: 5, 208: 1, 209: 4, 210: 3, 211: 3, 212: 5, 213: 2, 214: 2, 215: 3, 216: 2, 217: 7, 218: 2, 219: 1, 220: 3, 221: 1, 222: 4, 223: 1, 224: 4, 225: 6, 226: 4, 227: 2, 228: 1, 229: 4, 230: 4, 231: 2, 232: 3, 233: 3, 234: 3, 235: 3, 236: 5, 237: 4, 238: 1, 239: 1, 241: 3, 242: 3, 243: 1, 245: 3, 249: 3, 250: 2, 252: 1, 253: 1, 258: 1}

Варіаційний ряд фольк:
{0: 194, 1: 4, 2: 1, 4: 1}

Інтервальний ряд автори:
{(148.71428571428572, 163.29): 4, (163.29, 177.86): 11, (177.86, 192.43): 33, (192.43, 207.0014): 40, (207.0014, 221.57): 39, (221.57, 236.14): 49, (236.14, 250.71): 21, (250.71, 265.28): 3}

Інтервальний ряд фольк:
{(-0.2857142857142857, 0.29): 194, (0.29, 0.86): 0, (0.86, 1.43): 4, (1.43, 2.0014): 1, (2.0014, 2.57): 0, (2.57, 3.14): 0, (3.14, 3.71): 0, (3.71, 4.28): 1}

Середнє арифметичне:
автори	фольк
210.74	0.05

Середнє квадратичне відхилення:
автори	фольк
22.25	0.34

Міра коливання середньої частоти:
автори	фольк
1.57	0.024042

Смуги коливання:
автори	фольк
{68.3: (188.49, 232.99), 95.5: (166.24, 255.24), 99.7: (143.99, 277.49)}	{68.3: (-0.29, 0.39), 95.5: (-0.63, 0.73), 99.7: (-0.97, 1.07)}

Коефіцієнт варіації - V (у відсотках):
автори	фольк
0.11	6.8

Коефіцієнт стабільности - D (у відсотках):
автори	фольк
0.99	0.52

Відносна похибка:
автори	фольк
0.014602	0.94

Кількість підвибірок по 1000 слововживань для відносної похибки у 4,5%:
автори	фольк
23	87721

Приклад рядка автори:
(3, 'VERB', 42147, 191, 189, 197, 215, 215, 224, 206, 221, 224, 236, 239, 230, 231, 225, 216, 216, 237, 245, 217, 184, 167, 161, 204, 185, 212, 182, 225, 217, 213, 199, 193, 187, 209, 157, 200, 183, 186, 203, 206, 201, 180, 190, 168, 250, 250, 243, 232, 249, 253, 245, 245, 252, 234, 242, 217, 215, 209, 236, 218, 206, 204, 182, 186, 198, 220, 204, 226, 205, 211, 214, 210, 203, 196, 211, 214, 212, 232, 212, 185, 217, 192, 211, 197, 191, 206, 212, 229, 233, 236, 249, 229, 207, 197, 199, 173, 180, 181, 156, 200, 190, 190, 191, 199, 207, 172, 177, 173, 187, 217, 204, 225, 210, 188, 222, 234, 236, 241, 242, 258, 202, 226, 241, 230, 241, 197, 230, 208, 234, 193, 232, 223, 198, 207, 220, 207, 235, 233, 212, 222, 213, 198, 210, 217, 194, 227, 217, 236, 218, 225, 238, 222, 235, 242, 224, 225, 231, 184, 222, 226, 199, 207, 198, 165, 176, 161, 176, 178, 192, 219, 249, 229, 237, 190, 226, 227, 229, 230, 209, 191, 237, 220, 196, 203, 199, 235, 237, 228, 233, 224, 192, 189, 179, 209, 199, 225, 188, 165, 169, 191, 181)
Приклад рядка фольк:
(7, 'X', 10, 0, 0, 0, 0, 0, 0, 0, 0, 0, 0, 0, 1, 0, 0, 0, 0, 0, 0, 0, 0, 0, 0, 0, 0, 0, 0, 0, 0, 0, 0, 0, 0, 0, 0, 0, 0, 0, 0, 0, 0, 0, 0, 0, 0, 0, 0, 0, 0, 0, 0, 0, 0, 0, 0, 0, 0, 0, 0, 0, 0, 0, 0, 1, 0, 0, 0, 0, 0, 0, 0, 0, 0, 0, 0, 0, 0, 0, 0, 0, 0, 0, 0, 0, 0, 0, 0, 0, 0, 0, 0, 0, 0, 0, 0, 0, 0, 0, 0, 0, 0, 0, 0, 0, 0, 0, 0, 0, 0, 0, 0, 0, 0, 0, 0, 0, 0, 0, 0, 0, 0, 0, 0, 0, 0, 0, 0, 0, 0, 0, 0, 0, 0, 0, 0, 0, 0, 0, 0, 0, 0, 0, 0, 0, 0, 0, 4, 0, 0, 0, 0, 0, 0, 0, 0, 0, 0, 0, 2, 0, 0, 0, 0, 0, 0, 0, 0, 0, 0, 0, 1, 0, 0, 0, 0, 0, 1, 0, 0, 0, 0, 0, 0, 0, 0, 0, 0, 0, 0, 0, 0, 0, 0, 0, 0, 0, 0, 0, 0, 0, 0)
