Абсолютна частота автори:	 19

Абсолютна частота фольк:	 15233

Варіаційний ряд автори:
{0: 191, 1: 6, 2: 1, 4: 1, 7: 1}

Варіаційний ряд фольк:
{33: 1, 44: 1, 47: 1, 50: 2, 51: 1, 52: 3, 53: 3, 54: 4, 55: 1, 57: 3, 58: 2, 59: 1, 60: 6, 61: 4, 62: 4, 63: 3, 64: 4, 65: 7, 66: 5, 67: 10, 68: 2, 69: 3, 70: 3, 71: 3, 72: 4, 73: 5, 74: 5, 75: 5, 76: 6, 77: 8, 78: 7, 79: 5, 80: 8, 81: 6, 82: 5, 83: 3, 84: 4, 85: 3, 86: 5, 87: 3, 88: 3, 89: 3, 90: 3, 91: 3, 93: 1, 94: 3, 95: 2, 96: 2, 97: 4, 98: 3, 99: 1, 100: 1, 101: 1, 102: 3, 106: 1, 110: 1, 112: 1, 113: 1, 115: 1, 117: 1, 118: 1, 120: 1}

Інтервальний ряд автори:
{(-0.5, 0.5): 191, (0.5, 1.5): 6, (1.5, 2.5): 1, (2.5, 3.5): 0, (3.5, 4.5): 1, (4.5, 5.5): 0, (5.5, 6.5): 0, (6.5, 7.5): 1}

Інтервальний ряд фольк:
{(26.785714285714285, 39.21): 1, (39.21, 51.64): 5, (51.64, 64.069): 38, (64.069, 76.5): 58, (76.5, 88.93): 60, (88.93, 101.36): 27, (101.36, 113.79): 7, (113.79, 126.22): 4}

Середнє арифметичне:
автори	фольк
0.095	76.17

Середнє квадратичне відхилення:
автори	фольк
0.61	15.18

Міра коливання середньої частоти:
автори	фольк
0.043	1.0734

Смуги коливання:
автори	фольк
{68.3: (-0.52, 0.71), 95.5: (-1.13, 1.32), 99.7: (-1.74, 1.93)}	{68.3: (60.99, 91.35), 95.5: (45.81, 106.53), 99.7: (30.63, 121.71)}

Коефіцієнт варіації - V (у відсотках):
автори	фольк
6.42	0.2

Коефіцієнт стабільности - D (у відсотках):
автори	фольк
0.54	0.99

Відносна похибка:
автори	фольк
0.89	0.02762

Кількість підвибірок по 1000 слововживань для відносної похибки у 4,5%:
автори	фольк
78191	76

Приклад рядка автори:
(8, 'X', 19, 0, 0, 0, 0, 0, 0, 1, 0, 0, 0, 0, 0, 0, 0, 0, 0, 0, 0, 0, 0, 0, 0, 0, 0, 0, 0, 0, 0, 0, 0, 0, 0, 0, 0, 0, 0, 0, 0, 0, 0, 0, 1, 0, 0, 0, 1, 0, 0, 0, 0, 0, 0, 0, 0, 0, 0, 2, 7, 0, 0, 0, 0, 0, 0, 0, 0, 0, 0, 0, 0, 1, 0, 4, 0, 0, 0, 0, 0, 0, 0, 0, 0, 0, 0, 0, 0, 0, 0, 0, 0, 0, 0, 0, 0, 0, 0, 0, 0, 0, 0, 0, 0, 0, 0, 1, 0, 0, 0, 0, 0, 0, 0, 0, 0, 0, 0, 0, 0, 0, 0, 0, 0, 0, 0, 0, 0, 0, 0, 0, 0, 0, 0, 0, 0, 0, 0, 0, 0, 0, 0, 0, 0, 0, 0, 0, 0, 1, 0, 0, 0, 0, 0, 0, 0, 0, 0, 0, 0, 0, 0, 0, 0, 0, 0, 0, 0, 0, 0, 0, 0, 0, 0, 0, 0, 0, 0, 0, 0, 0, 0, 0, 0, 0, 0, 0, 0, 0, 0, 0, 0, 0, 0, 0, 0, 0, 0, 0, 0, 0, 0)
Приклад рядка фольк:
(5, 'ADV', 15233, 58, 74, 71, 64, 77, 99, 77, 54, 68, 85, 67, 75, 93, 94, 66, 67, 65, 85, 50, 75, 78, 82, 53, 82, 66, 65, 80, 65, 73, 78, 81, 83, 73, 90, 77, 95, 52, 63, 50, 81, 88, 91, 89, 90, 74, 72, 62, 60, 52, 96, 82, 64, 110, 98, 97, 60, 67, 67, 69, 80, 74, 79, 65, 84, 79, 76, 86, 113, 118, 33, 47, 65, 87, 97, 68, 81, 88, 81, 76, 62, 67, 44, 65, 65, 53, 66, 87, 101, 91, 100, 77, 80, 76, 61, 70, 64, 60, 57, 120, 69, 69, 72, 72, 76, 79, 67, 58, 98, 97, 102, 78, 80, 117, 72, 81, 84, 95, 78, 86, 74, 73, 98, 57, 61, 96, 102, 70, 75, 64, 70, 78, 54, 77, 76, 80, 60, 78, 60, 73, 84, 67, 85, 88, 79, 62, 83, 73, 75, 63, 66, 76, 86, 84, 80, 80, 62, 67, 80, 74, 75, 81, 86, 61, 94, 89, 102, 94, 71, 87, 77, 82, 53, 63, 54, 51, 66, 82, 57, 86, 90, 71, 97, 77, 61, 59, 52, 67, 83, 89, 106, 115, 91, 112, 60, 78, 54, 55, 67, 77, 79)
