Абсолютна частота автори:	 18405

Абсолютна частота фольк:	 16943

Варіаційний ряд автори:
{58: 2, 63: 1, 69: 2, 70: 1, 71: 2, 72: 2, 73: 1, 74: 1, 75: 2, 76: 7, 77: 4, 78: 1, 79: 3, 80: 7, 81: 4, 82: 1, 83: 2, 84: 5, 85: 10, 86: 4, 87: 9, 88: 9, 89: 3, 90: 2, 91: 7, 92: 9, 93: 10, 94: 6, 95: 8, 96: 6, 97: 6, 98: 6, 99: 4, 100: 6, 101: 9, 102: 4, 103: 3, 104: 2, 105: 5, 106: 2, 107: 2, 108: 2, 109: 1, 110: 3, 111: 4, 113: 3, 114: 3, 115: 1, 116: 1, 117: 1, 138: 1}

Варіаційний ряд фольк:
{44: 1, 45: 1, 49: 1, 52: 1, 53: 1, 54: 1, 58: 1, 59: 1, 60: 2, 61: 1, 63: 1, 64: 4, 65: 2, 66: 3, 67: 1, 68: 2, 69: 3, 70: 1, 71: 3, 72: 2, 73: 2, 74: 3, 75: 3, 76: 7, 77: 4, 78: 9, 79: 7, 80: 8, 81: 11, 82: 6, 83: 5, 84: 4, 85: 3, 86: 3, 87: 3, 88: 6, 89: 7, 90: 4, 91: 8, 92: 8, 93: 3, 94: 7, 95: 2, 96: 5, 97: 4, 98: 5, 99: 3, 100: 6, 102: 2, 103: 4, 104: 3, 105: 2, 107: 1, 108: 2, 109: 3, 113: 2, 121: 1, 136: 1}

Інтервальний ряд автори:
{(52.285714285714285, 63.71): 3, (63.71, 75.14): 11, (75.14, 86.57): 48, (86.57, 98.0): 75, (98.0, 109.43): 46, (109.43, 120.86): 16, (120.86, 132.29): 0, (132.29, 143.72): 1}

Інтервальний ряд фольк:
{(37.42857142857143, 50.57): 3, (50.57, 63.71): 9, (63.71, 76.85): 36, (76.85, 89.99): 76, (89.99, 103.13): 61, (103.13, 116.27): 13, (116.27, 129.41): 1, (129.41, 142.55): 1}

Середнє арифметичне:
автори	фольк
92.025	84.72

Середнє квадратичне відхилення:
автори	фольк
11.96	13.98

Міра коливання середньої частоти:
автори	фольк
0.85	0.99

Смуги коливання:
автори	фольк
{'68.3': (80.065, 103.99), '95.5': (68.11, 115.95), '99.7': (56.15, 127.91)}	{'68.3': (70.74, 98.7), '95.5': (56.76, 112.68), '99.7': (42.78, 126.66)}

Коефіцієнт варіації - V (у відсотках):
автори	фольк
0.13	0.17

Коефіцієнт стабільности - D (у відсотках):
автори	фольк
0.99	0.99

Відносна похибка:
автори	фольк
0.0181	0.0229

Кількість підвибірок по 1000 слововживань для відносної похибки у 4,5%:
автори	фольк
32.061	55.0

Приклад рядка автори:
(2, 'PREP', 18405, 99, 93, 99, 91, 85, 100, 58, 58, 71, 77, 101, 85, 96, 81, 87, 114, 93, 95, 102, 88, 83, 79, 94, 100, 81, 106, 76, 73, 113, 103, 91, 92, 93, 105, 92, 85, 86, 94, 89, 76, 100, 94, 101, 105, 102, 96, 101, 88, 88, 105, 110, 97, 96, 88, 111, 80, 96, 92, 106, 76, 108, 110, 95, 111, 87, 74, 93, 101, 100, 70, 76, 88, 87, 91, 87, 81, 93, 97, 101, 84, 93, 79, 98, 100, 77, 97, 85, 85, 72, 84, 95, 95, 107, 77, 83, 93, 85, 94, 87, 71, 92, 90, 99, 95, 96, 89, 94, 80, 75, 97, 107, 108, 138, 111, 110, 92, 102, 75, 76, 114, 84, 85, 91, 93, 96, 91, 104, 80, 92, 76, 97, 63, 84, 80, 91, 76, 85, 103, 84, 92, 109, 113, 94, 80, 69, 82, 80, 92, 98, 102, 98, 114, 101, 111, 103, 117, 85, 99, 86, 87, 88, 72, 115, 95, 97, 98, 88, 105, 87, 79, 89, 98, 93, 88, 87, 77, 78, 93, 113, 81, 104, 87, 85, 116, 95, 92, 100, 69, 86, 90, 86, 105, 88, 95, 80, 98, 101, 101, 91, 101)
Приклад рядка фольк:
(8, 'PREP', 16943, 109, 78, 91, 72, 76, 79, 91, 109, 71, 65, 85, 100, 80, 69, 82, 93, 53, 69, 100, 98, 81, 94, 97, 72, 67, 61, 68, 66, 84, 74, 77, 79, 81, 76, 94, 84, 64, 100, 83, 80, 75, 79, 78, 79, 88, 84, 89, 92, 91, 95, 95, 81, 92, 87, 78, 92, 64, 91, 80, 98, 87, 70, 99, 92, 74, 82, 91, 97, 91, 136, 103, 89, 66, 81, 103, 102, 88, 87, 77, 90, 59, 109, 73, 60, 60, 65, 100, 79, 80, 94, 98, 78, 83, 104, 89, 92, 82, 76, 52, 81, 81, 121, 102, 103, 90, 88, 104, 79, 81, 45, 64, 83, 68, 85, 76, 89, 83, 103, 92, 93, 100, 92, 91, 107, 94, 86, 108, 80, 113, 88, 86, 97, 93, 100, 77, 66, 98, 91, 89, 83, 104, 89, 80, 94, 113, 74, 71, 81, 94, 78, 96, 78, 85, 92, 76, 96, 94, 64, 82, 96, 81, 98, 90, 76, 49, 54, 44, 79, 82, 75, 77, 99, 105, 96, 80, 86, 78, 76, 75, 88, 82, 78, 108, 78, 73, 105, 99, 81, 90, 81, 89, 88, 71, 69, 84, 96, 97, 58, 63, 80)
