Абсолютна частота автори:	 14

Абсолютна частота фольк:	 1

Варіаційний ряд автори:
{0: 186, 1: 14}

Варіаційний ряд фольк:
{0: 199, 1: 1}

Інтервальний ряд автори:
{(-0.07142857142857142, 0.071): 186, (0.071, 0.21): 0, (0.21, 0.35): 0, (0.35, 0.49): 0, (0.49, 0.63): 0, (0.63, 0.77): 0, (0.77, 0.91): 0, (0.91, 1.053): 14}

Інтервальний ряд фольк:
{(-0.07142857142857142, 0.071): 199, (0.071, 0.21): 0, (0.21, 0.35): 0, (0.35, 0.49): 0, (0.49, 0.63): 0, (0.63, 0.77): 0, (0.77, 0.91): 0, (0.91, 1.053): 1}

Середнє арифметичне:
автори	фольк
0.07	0.005

Середнє квадратичне відхилення:
автори	фольк
0.26	0.07071

Міра коливання середньої частоти:
автори	фольк
0.01838	0.005

Смуги коливання:
автори	фольк
{68.3: (-0.19, 0.33), 95.5: (-0.45, 0.59), 99.7: (-0.71, 0.85)}	{68.3: (-0.0657, 0.076), 95.5: (-0.14, 0.15), 99.7: (-0.21, 0.22)}

Коефіцієнт варіації - V (у відсотках):
автори	фольк
3.71	14.14

Коефіцієнт стабільности - D (у відсотках):
автори	фольк
0.74	-0.0025

Відносна похибка:
автори	фольк
0.51	1.96

Кількість підвибірок по 1000 слововживань для відносної похибки у 4,5%:
автори	фольк
26112	379303

Приклад рядка автори:
(1761, 'дрібний', 'ADJ', 14, 0, 0, 0, 1, 0, 0, 0, 0, 0, 0, 0, 0, 0, 0, 0, 0, 0, 0, 0, 0, 0, 0, 0, 0, 1, 0, 0, 0, 1, 0, 0, 1, 0, 0, 0, 0, 0, 0, 0, 0, 0, 0, 0, 0, 0, 0, 0, 0, 0, 0, 0, 0, 0, 0, 0, 0, 0, 0, 1, 0, 0, 0, 0, 0, 0, 0, 0, 0, 0, 0, 0, 0, 1, 0, 0, 0, 0, 0, 0, 0, 0, 0, 0, 0, 0, 0, 0, 0, 0, 1, 0, 0, 0, 0, 0, 0, 1, 0, 0, 0, 0, 0, 0, 0, 0, 0, 0, 0, 0, 0, 0, 0, 0, 0, 0, 0, 0, 0, 0, 0, 0, 0, 0, 0, 0, 0, 0, 0, 0, 0, 0, 0, 0, 1, 0, 0, 0, 0, 0, 0, 0, 0, 0, 0, 0, 0, 0, 0, 0, 0, 0, 0, 0, 0, 0, 0, 0, 0, 0, 0, 0, 1, 1, 0, 0, 0, 1, 0, 0, 0, 0, 0, 0, 0, 0, 0, 0, 0, 0, 0, 0, 0, 0, 0, 0, 0, 0, 0, 1, 0, 0, 0, 0, 1, 0, 0, 0, 0, 0, 0)
Приклад рядка фольк:
(6626, 'дрібний', 'DET', 1, 0, 0, 0, 0, 0, 0, 0, 0, 0, 0, 0, 0, 0, 0, 0, 0, 0, 0, 0, 0, 0, 0, 0, 0, 0, 0, 0, 0, 0, 0, 0, 0, 0, 0, 0, 0, 0, 0, 0, 0, 0, 0, 0, 0, 0, 0, 0, 0, 0, 0, 0, 0, 0, 0, 0, 0, 0, 0, 0, 0, 0, 0, 0, 0, 0, 0, 0, 0, 0, 0, 0, 0, 0, 0, 0, 0, 0, 0, 1, 0, 0, 0, 0, 0, 0, 0, 0, 0, 0, 0, 0, 0, 0, 0, 0, 0, 0, 0, 0, 0, 0, 0, 0, 0, 0, 0, 0, 0, 0, 0, 0, 0, 0, 0, 0, 0, 0, 0, 0, 0, 0, 0, 0, 0, 0, 0, 0, 0, 0, 0, 0, 0, 0, 0, 0, 0, 0, 0, 0, 0, 0, 0, 0, 0, 0, 0, 0, 0, 0, 0, 0, 0, 0, 0, 0, 0, 0, 0, 0, 0, 0, 0, 0, 0, 0, 0, 0, 0, 0, 0, 0, 0, 0, 0, 0, 0, 0, 0, 0, 0, 0, 0, 0, 0, 0, 0, 0, 0, 0, 0, 0, 0, 0, 0, 0, 0, 0, 0, 0, 0)
